[result]
best_epoch=100
best_validation=431684.693852
complete=1
cost_multiply_add=2000
epoch=100
max_epoch=100
schedule=0
training=99641.87044
validation=431684.693852
[statistics]
Output=2003
CostParameter=3001
CostAdd=1001
CostMultiply=0
CostMultiplyAdd=2000
CostDivision=0
CostExp=0
CostIf=1000
